


3	god
4	man god
5	man God
6	God
7	god < jewlulu.txt > bb
8	more bb
9	pico jew.txt


bb:

0000000 051012 067165 072055 066551 005145 043012 071151 072163
0000020 063040 067554 062157 067151 020147 071551 061440 067554
0000040 072164 067151 020147 073145 071145 072171 064550 063556
0000060 020056 020055 067531 071165 064040 066157 064544 063556
0000100 064440 020163 071412 060557 062553 026144 073440 064562
0000120 072164 067145 020054 071145 071541 062145 020056 020055
0000140 067503 071556 062151 071145 072040 062550 067040 074145
0000160 020164 066563 060545 064562 063556 067440 020146 067571
0000200 071165 005040 064164 067151 064553 063556 071440 064553
0000220 027156 054440 072557 020162 064542 062156 067151 020147
0000240 064163 072557 062154 061040 020145 064567 062560 020144
0000260 067151 067564 062440 064570 072163 067145 062543 005077
0000300 020111 067503 071556 062151 071145 072040 062550 063040
0000320 066157 067554 064567 063556 060440 060547 067151 020054
0000340 067571 071165 020040 027056 020056 067527 066165 020144
0000360 063440 073151 020145 067571 020165 064012 062171 067562
0000400 062547 062556 064563 037563 062012 066157 020154 064143
0000420 071165 071556 066440 020145 062542 062556 072141 020150
0000440 067571 071165 061040 067151 064544 063556 005041 064514
0000460 072163 066440 071157 020145 067141 020144 067555 062562
0000500 062440 063146 072554 064566 020141 067157 020145 074542
0000520 067440 062556 020054 060545 064143 067440 020156 020141
0000540 064554 062556 060440 067554 062556 020054 072012 070171
0000560 067151 020147 067503 072156 067562 026554 020144 064167
0000600 067145 062040 067157 027145 046412 020171 067546 062154
0000620 020163 026547 020144 064164 072141 020056 067546 062154
0000640 020163 064564 062555 072040 062550 063040 066157 071544
0000660 060440 062156 063440 062055 072040 066551 020145 070163
0000700 061541 026145 005040 067546 062154 020163 064564 062555
0000720 064440 020163 067571 071165 061440 062550 064555 072163
0000740 074562 064040 071145 027145 027056 044412 073440 071157
0000760 020153 064567 064164 073040 071151 072564 066141 073440
0001000 072557 062156 062145 060440 062156 067457 020162 062544
0001020 062543 071541 062145 060440 060566 060564 071562 020054
0001040 074145 066541 067151 067151 020147 072012 062550 071151
0001060 061440 066141 071554 063040 071157 064164 071440 062567
0001100 072141 071440 062560 072143 062562 020054 072550 063556
0001120 071145 062145 020054 060555 064553 063556 072040 064550
0001140 063556 027163 064440 020156 072012 062550 062440 061570
0001160 062562 064564 067157 026163 044440 073440 071157 020153
0001200 064567 064164 073040 071151 072564 066141 073440 072557
0001220 062156 062145 060440 062156 067457 020162 062544 062543
0001240 071541 062145 005040 073141 072141 071141 026163 062440
0001260 060570 064555 064556 063556 072040 062550 071151 064440
0001300 020163 020054 030460 056467 020054 020077 027056 020056
0001320 070163 061545 071164 020145 071551 067440 020156 062567
0001340 020164 063012 062554 064163 020054 072151 071447 071440
0001360 062560 072143 062562 005077 040412 062562 074440 072557
0001400 071440 072141 071551 064546 062145 073440 072151 020150
0001420 067571 071165 044440 073440 071157 020153 064567 064164
0001440 073040 071151 072564 066141 073440 072557 062156 062145
0001460 060440 062156 067457 020162 062012 061545 060545 062563
0001500 020144 073141 072141 071141 026163 062440 060570 064555
0001520 064556 063556 072040 062550 071151 037440 053440 064541
0001540 020564 044440 073440 071157 020153 064567 064164 073040
0001560 071151 072564 066141 005040 067567 067165 062544 020144
0001600 067141 027544 071157 062040 061545 060545 062563 020144
0001620 073141 072141 071141 026163 062440 060570 064555 064556
0001640 063556 072040 062550 071151 060440 062156 032440 030063
0001660 020070 071141 020145 073412 064562 072164 067145 020056
0001700 067506 020162 020063 062555 071556 071545 062040 074541
0001720 026163 073440 020145 060550 062566 061040 062545 020156
0001740 060567 062570 027163 060440 062156 064440 020164 060550
0001760 020163 060564 062553 020156 074412 072557 030040 030456
0002000 033466 066440 067151 072165 071545 072040 020157 073563
0002020 066141 067554 020167 067571 071165 066040 071541 020164
0002040 027056 005056 060412 062562 074440 072557 072040 065541
0002060 067151 020147 064164 071551 067440 072165 035056 071141
0002100 020145 067571 020165 060564 064553 063556 072040 064550
0002120 020163 067151 066472 020171 060556 062555 064440 020163
0002140 066012 063545 067551 020156 071157 072040 062550 061040
0002160 071165 062544 027556 067543 066555 067141 020144 063157
0002200 072040 062550 073040 064557 062543 067440 020146 064164
0002220 020145 067554 062162 035072 053440 064562 062564 005040
0002240 064163 072151 073440 062550 062562 060440 062562 074440
0002260 072557 072040 071150 072557 064147 066440 020171 071141
0002300 020145 067571 020165 060564 064553 063556 072040 064550
0002320 020163 072557 027164 020041 020111 067567 065562 005040
0002340 064567 064164 073040 071151 072564 066141 073440 072557
0002360 062156 062145 060440 062156 067457 020162 062544 062543
0002400 071541 062145 060440 060566 060564 071562 020054 074145
0002420 066541 067151 067151 020147 064164 064545 020162 035012
0002440 035072 067543 066154 070141 062563 020163 064564 062555
0002460 072040 066551 020145 067543 066154 070141 062563 020163
0002500 067141 020144 064564 062555 072040 062550 026155 061440
0002520 066157 060554 071560 071545 060440 062156 005040 064164
0002540 066545 035054 062567 060440 066154 066040 073151 020145
0002560 064567 064164 067151 067440 071165 064040 066141 072554
0002600 064543 060556 064564 067157 020163 067531 071165 071440
0002620 062567 072141 063040 066157 071544 063440 062055 005040
0002640 064164 072141 020056 067546 062154 020163 064564 062555
0002660 072040 062550 063040 066157 071544 060440 062156 063440
0002700 062055 072040 066551 020145 070163 061541 026145 063040
0002720 066157 071544 072040 066551 020145 071551 072040 020157
0002740 066412 020171 074145 071143 072145 067551 071556 005012
0002760 067567 066162 020144 070141 062560 071141 020163 062562
0003000 067563 060556 072156 020054 067543 062550 062562 072156
0003020 026440 073440 060550 020164 020151 062564 066562 062145
0003040 074440 060545 071562 060440 067547 005040 060447 064472
0003060 073440 067141 020164 067564 061440 067157 064563 062544
0003100 020162 064164 020145 062151 060545 067440 020146 071137
0003120 071545 067157 067141 020164 072561 066141 072151 026171
0003140 020137 064164 072141 005040 064164 035145 035072 064566
0003160 072162 062565 067440 020146 020141 062544 067564 071165
0003200 072040 071150 072557 064147 066040 067141 072547 063541
0003220 020145 067141 020144 064164 067562 063565 020150 062546
0003240 071141 020072 072151 005040 071551 060440 071554 020157
0003260 067531 071165 071440 066157 062566 072156 064040 072541
0003300 072156 020163 062555 060440 062156 073440 066151 020154
0003320 064546 060556 066154 020171 066143 071557 020145 067544
0003340 067167 072040 062550 005040 072555 061155 064554 063556
0003360 020056 071551 067440 020156 074555 071440 066157 062566
0003400 072156 064440 020156 064164 071551 061440 067157 064546
0003420 072547 060562 064564 067157 020054 066537 057571 061040
0003440 062157 020171 072012 065541 071545 071440 066157 061541
0003460 020145 067151 064440 071564 066145 026146 061040 020171
0003500 062563 067151 062546 062154 020056 067563 064440 072040
0003520 065541 020145 067563 060554 062543 064440 020156 067141
0003540 005040 066551 063541 035145 066440 020171 060542 065543
0003560 060440 060547 067151 072163 072040 062550 072072 065541
0003600 020145 067157 066040 067145 074556 061040 072562 062543
0003620 063040 071157 062440 060570 070155 062554 020054 067012
0003640 072157 072040 062550 070040 060554 063171 066165 062556
0003660 071563 067440 035146 020151 062562 062566 020154 067151
0003700 067040 072545 067562 064563 026163 072040 062550 065040
0003720 073545 071551 020150 067012 072545 067562 064563 020163
0003740 063157 073440 067557 074544 060440 066154 067145 067440
0003760 020162 074555 066472 020171 067567 062162 020163 071141
0004000 020145 066142 061541 020153 062554 072164 071145 020163
0004020 067151 060440 005040 066142 061541 020153 064546 062562
0004040 035056 054440 072557 020162 060546 071145 062551 062040
0004060 071551 067563 073154 071545 066440 020171 060550 067165
0004100 071564 066440 020145 067141 020144 064567 066154 005040
0004120 064546 060556 066154 020171 066143 071557 020145 067544
0004140 067167 072040 062550 066440 066565 066142 067151 027147
0004160 020041 062564 063556 020165 064567 064164 064440 062544
0004200 064157 062171 060562 066165 071545 071551 005041 022012
0004220 060440 074556 064164 067151 027147 064440 072040 066141
0004240 020153 067141 020144 060564 065554 020054 071167 072151
0004260 020145 067141 020144 071167 072151 026145 060440 062156
0004300 062040 060545 064164 071440 064564 066154 026412 060542
0004320 064163 020072 067141 072171 064550 063556 035056 061440
0004340 066557 060555 062156 067040 072157 063040 072557 062156
0004360 005012 020044 060550 067165 071564 066440 020145 067141
0004400 020144 064567 066154 063040 067151 066141 074554 061440
0004420 067554 062563 062040 073557 020156 064164 020145 072555
0004440 061155 064554 063556 005056 061055 071541 035150 064040
0004460 072541 072156 035163 061440 066557 060555 062156 067040
0004500 072157 063040 072557 062156 005012 005044 022012 066440
0004520 020171 067567 062162 020163 071141 020145 066142 061541
0004540 020153 062554 072164 071145 020163 067151 060440 061040
0004560 060554 065543 063040 071151 027145 026412 060542 064163
0004600 020072 074555 020072 067543 066555 067141 020144 067556
0004620 020164 067546 067165 005144
0004630
