
/TRAPPED                                         |
|                                                |
|                                                |
|                                                |
|11 111111111111111111111111111111111111111111111|
|222222222222222222222222222222222222222222222222|
| 33333333333333333333333333333333333333333333333|
|444444 44444444444444444444444444444444444444444|
|55555 555555555555555555555555555555555555555555|
|666666666666666666666666666666666666666666666666|
|777  7777777777777777777777777777777777777777777|
|8 8888888888888888888888888888888888888888888888|
|999999999999999999999999999999999999999999999999|
|