
/JENNIFER,                                       |
|                                                |
|                                                |
|                                                |
| 11111111111111111111111111111111111111111111111|
|222222222222222222222222222222222222222222222222|
|33333333 333333333333333333333333333333333333333|
|444444444444444444444444444444444444444444444444|
|5   55 55555555555555555555555555555555555555555|
|66666 666666666666666666666666666666666666666666|
|777777777777777777777777777777777777777777777777|
|8888888  888888888888888888888888888888888888888|
|9999 9999999999999999999999999999999999999999999|
|