


Scheme of uuuuuu/aaaaaa:


0123456789 0123456788 0123456689 0123456669 0123456666 0123446789
0123446779 0123446777 0123444789 0123444788 0123444489 0123444449
0123444444 0122456789 0122456779 0122456777 0122455789 0122455788
0122455589 0122455559 0122455555 0122256789 0122256788 0122256689
0122256669 0122256666 0122226789 0122226779 0122226777 0122222789
0122222788 0122222289 0122222229 0122222222 0023456789 0023456779
0023456777 0023455789 0023455788 0023455589 0023455559 0023455555
0023356789 0023356788 0023356689 0023356669 0023356666 0023336789
0023336779 0023336777 0023333789 0023333788 0023333389 0023333339
0023333333 0003456789 0003456788 0003456689 0003456669 0003456666
0003446789 0003446779 0003446777 0003444789 0003444788 0003444489
0003444449 0003444444 0000456789 0000456779 0000456777 0000455789
0000455788 0000455589 0000455559 0000455555 0000056789 0000056788
0000056689 0000056669 0000056666 0000006789 0000006779 0000006777
0000000789 0000000788 0000000089 0000000009 0000000000


