



                 1999 Sorted Calendar Copyright Jennifer 1999



                   1
                1 2
                1 2
             1 2 3
             1 2 3
          1 2 3 4
          1 2 3 4
       1 2 3 4 5
      May 1999
     April 1999
     July 1999
     June 1999
     March 1999
    1 2 3 4 5 6
    1 2 3 4 5 6 (the day I left Maria)
    1 2 3 4 5 6
    August 1999
    January 1999
    October 1999
   December 1999
   February 1999
   November 1999
   September 1999
 1 2 3 4 5 6 7
 2 3 4 5 6 7 8
 3 4 5 6 7 8 9
 3 4 5 6 7 8 9
 4 5 6 7 8 9 10 (the day Suzanne left me)
 4 5 6 7 8 9 10
 5 6 7 8 9 10 11
 5 6 7 8 9 10 11
 6 7 8 9 10 11 12
 7 8 9 10 11 12 13
 7 8 9 10 11 12 13
 7 8 9 10 11 12 13
 8 9 10 11 12 13 14 (oh Julu!)  (oh Jennifer!)
 9 10 11 12 13 14 15
 S M Tu W Th F S
 S M Tu W Th F S
 S M Tu W Th F S
 S M Tu W Th F S
 S M Tu W Th F S
 S M Tu W Th F S
 S M Tu W Th F S
 S M Tu W Th F S
 S M Tu W Th F S
 S M Tu W Th F S
 S M Tu W Th F S
 S M Tu W Th F S 10 11 12 13 14 15 16 10 11 12 13 14 15 16 11 12 13 14 15
15 16 17 18 19 14 15 16 17 18 19 20 14 15 16 17 18 19 20 14 15 16 17 18 19
16 17 11 12 13 14 15 16 17 12 13 14 15 16 17 18 12 13 14 15 16 17 18 13 14
19 20 21 22 23 24 25 20 21 22 23 24 25 26 21 22 23 24 25 26 27 21 22 23 24
20 15 16 17 18 19 20 21 16 17 18 19 20 21 22 17 18 19 20 21 22 23 17 18 19
20 21 22 23 18 19 20 21 22 23 24 18 19 20 21 22 23 24 19 20 21 22 23 24 25
25 26 27 21 22 23 24 25 26 27 22 23 24 25 26 27 28 23 24 25 26 27 28 29 24
25 26 27 28 29 30 24 25 26 27 28 29 30 25 26 27 28 29 30 25 26 27 28 29 30
30 31 30 31 31 31 (oh Nikuko!)  (oh Jennifer!)
31 26 27 28 29 30 26 27 28 29 30 31 27 28 29 30 28 28 29 30 28 29 30 31 29

Happy 2000 Millennium Day.


