
  /LOST.                                           |
  |    ]                                           |
  |]]                                              |
  |  ]]                                            |
  |111111111111111111111111111111111111111111111111|
  |22]222222222222222222222222222222222222222222222|
  |]33]]3333333333333333333333333333333333333333333|
  |444444444444444444444444444444444444444444444444|
  |555555555555555555555555555555555555555555555555|
  |6]6666666666666666666666666666666666666666666666|
  |777777777777777777777777777777777777777777777777|
  |8888]8888888888888888888888888888888888888888888|
  |999999999999999999999999999999999999999999999999|
  |