


                                              31
                               2000                                
                   1          1  2  3  4  5                   1  2
                   1          1  2  3  4  5             1  2  3  4
                   1       1  2  3  4  5  6                1  2  3
        April                   May                   June         
        July                  August                September      
       January               February                 March        
       October               November               December       
 1  2  3  4  5  6  7             1  2  3  4                   1  2
 2  3  4  5  6  7  8    6  7  8  9 10 11 12    3  4  5  6  7  8  9
 2  3  4  5  6  7  8    6  7  8  9 10 11 12    5  6  7  8  9 10 11
 2  3  4  5  6  7  8    7  8  9 10 11 12 13    4  5  6  7  8  9 10
 8  9 10 11 12 13 14    5  6  7  8  9 10 11    3  4  5  6  7  8  9
 9 10 11 12 13 14 15   13 14 15 16 17 18 19   10 11 12 13 14 15 16
 9 10 11 12 13 14 15   13 14 15 16 17 18 19   12 13 14 15 16 17 18
 9 10 11 12 13 14 15   14 15 16 17 18 19 20   11 12 13 14 15 16 17
15 16 17 18 19 20 21   12 13 14 15 16 17 18   10 11 12 13 14 15 16
16 17 18 19 20 21 22   20 21 22 23 24 25 26   17 18 19 20 21 22 23
16 17 18 19 20 21 22   20 21 22 23 24 25 26   19 20 21 22 23 24 25
16 17 18 19 20 21 22   21 22 23 24 25 26 27   18 19 20 21 22 23 24
22 23 24 25 26 27 28   19 20 21 22 23 24 25   17 18 19 20 21 22 23
23 24 25 26 27 28 29   27 28 29               26 27 28 29 30 31
23 24 25 26 27 28 29   27 28 29 30 31         24 25 26 27 28 29 30
23 24 25 26 27 28 29   28 29 30 31            25 26 27 28 29 30
29 30 31               26 27 28 29 30         24 25 26 27 28 29 30
30
30 31
30 31
Su Mo Tu We Th Fr Sa   Su Mo Tu We Th Fr Sa   Su Mo Tu We Th Fr Sa 
Su Mo Tu We Th Fr Sa   Su Mo Tu We Th Fr Sa   Su Mo Tu We Th Fr Sa 
Su Mo Tu We Th Fr Sa   Su Mo Tu We Th Fr Sa   Su Mo Tu We Th Fr Sa 
Su Mo Tu We Th Fr Sa   Su Mo Tu We Th Fr Sa   Su Mo Tu We Th Fr Sa

