
/IT'S JUDGEMENT THAT DEFEATS US.                 |
|]      ]]] ]    ]]  ]]]]]     ]                 |
|  ]  ]    ] ]                                   |
| ] ]  ]      ] ]  ]      ]] ]]                  |
|11111]11111111111]111111]11111111111111111111111|
|222]2222222222222222222222]22]222222222222222222|
|3]33333333333]3]33]333333]3333]33333333333333333|
|444444]]44]444444444]4444444]4444444444444444444|
|555555555]5]]55555555]5]555555555555555555555555|
|6666666666666666666666]6666666666666666666666666|
|77]77777]777777777777777777777777777777777777777|
|88]8888888888888]8888888888888]88888888888888888|
|]99999999999999999999999999999999999999999999999|
|