
/angry,                                          |
|] ]                                             |
| ] ]                                            |
|    ]]                                          |
|]11111111111111111111111111111111111111111111111|
|222222222222222222222222222222222222222222222222|
|33333]333333333333333333333333333333333333333333|
|444444444444444444444444444444444444444444444444|
|5]5555555555555555555555555555555555555555555555|
|666666666666666666666666666666666666666666666666|
|77]777777777777777777777777777777777777777777777|
|8888]]888888888888888888888888888888888888888888|
|999]99999999999999999999999999999999999999999999|
|