
/and our shattered faces, drawn                  |
|] ]      ]]  ] ]] ]]]]   ] ]                    |
| ]  ] ]       ]           ]  ]                  |
|     ]  ]  ]]         ]]    ]                   |
|]111111111]11111111]1111111]11111111111111111111|
|22222222]2222222222222]2222222222222222222222222|
|33333333333]]3333333]33]333333333333333333333333|
|44]44]4444444444]44444444]4444444444444444444444|
|5]55555555555]5]55555]5555555]555555555555555555|
|6666]6666666666666]666666666]6666666666666666666|
|777777777777777777777777777777777777777777777777|
|888888888]8888888888888]888888888888888888888888|
|999999]9999999]99999999999]999999999999999999999|
|