
/bodies soaking wet, breasts and cock            |
|] ]]]    ] ] ]  ]   ] ]]    ] ] ] ]             |
| ]      ] ] ]        ]       ]   ] ]            |
|     ] ]       ] ]]     ]]]                     |
|111111111]1111111111111]1111]1111111111111111111|
|]2222]2]22]222222222]222]2]22222222]222222222222|
|33333333333333333]]333333]333333]3]3333333333333|
|44]444444444444444444444444444]44444444444444444|
|5555]5555555]555]55555]555555]555555555555555555|
|6]666666]666666]66666666666666666]66666666666666|
|7777777777777]7777777777777777777777777777777777|
|888888888888888888]88888888888888888888888888888|
|999]9999999]999999999]99999999999999999999999999|
|