
/erect cock, splayed hands, naked,               |
|] ]]  ] ]      ] ]] ]] ]    ] ]]                |
| ]     ] ]   ]]       ]    ] ]                  |
|    ]     ] ]   ]       ]]      ]               |
|111111111111111]11111]111111]1111111111111111111|
|222222222]22]22222222222]2222]222222222222222222|
|333]]3]3]3]333]3333333333]333333]333333333333333|
|444444444444444444]4444]4444444]4444444444444444|
|]5]55555555555555]5555]5555]55]55555555555555555|
|6666666]6666666666666666666666666666666666666666|
|7777777777777]7777777777777777777777777777777777|
|8888888888]88888]888]8888]888888]888888888888888|
|9]9999999999999999999999999999999999999999999999|
|