
/prominent, nipples hard, our faces              |
|    ] ]     ]   ]  ]] ]      ]]]]               |
|]]]] ] ]   ] ]]]     ]   ] ]                    |
|        ]]       ]     ]  ]      ]              |
|11111111111111111111]111111111]11111111111111111|
|22222222222222222]222222222222222]22222222222222|
|33333333]]33333]3333333]3333333]3333333333333333|
|444]444444444444444444]444]444444444444444444444|
|55555]]]555]5555]555555555555555]555555555555555|
|66]6666666666666666666666]666]666666666666666666|
|]777777777777]]777777777777777777777777777777777|
|888888888]888888888]888]888888888888888888888888|
|9]99]9999999]99999999]99999]99999999999999999999|
|