
/there, transformed - herself! - into            |
| ]] ]    ]  ]   ]]   ]]  ] ]    ]               |
|   ]    ] ]  ]]]   ]   ]  ]   ]  ] ]            |
|]    ] ]   ]            ]   ]     ]             |
|111111111]11111111111111111111111111111111111111|
|22222222222]222222222222]22222222222222222222222|
|]3333]3]333333333333333333]3333333]3333333333333|
|444444444444444]4]444444444444444444444444444444|
|55]5]55555]55555]55555]55]5555555]55555555555555|
|666666666666]]6666666666666]6666666]666666666666|
|7777777777777777777777777777]7777777777777777777|
|8]888]888888888888888]888888]8888888888888888888|
|999]9999]99999]99999999]99999999]999999999999999|
|