
/faces, mayday, mayday! nipples                  |
|]]]]    ] ]]    ] ]]    ]   ]                   |
|       ]       ]       ] ]]]                    |
|    ]]   ]  ]]   ]  ]]       ]                  |
|1]111111]11]1111]11]1111111111111111111111111111|
|2222]222222222222222222222222]222222222222222222|
|33]33]3333333]3333333333333]33333333333333333333|
|4444444]44]4444]44]44444444444444444444444444444|
|555]5555555555555555555]5555]5555555555555555555|
|]66666666666666666666666666666666666666666666666|
|777777777777777777777]777]]777777777777777777777|
|88888]888]88]]888]88]]88888888888888888888888888|
|999999999999999999999999]99999999999999999999999|
|