
/protrude, you could almost enter cock,          |
|      ]]      ]   ] ]      ]  ]  ] ]            |
|]]] ]      ]   ] ]   ]]]    ]  ]  ] ]           |
|   ] ]  ] ] ]   ]       ]]   ]       ]          |
|11111111111111111111]111111111111111111111111111|
|222222222222222222222222]22222222222]22222222222|
|333]3333]33333]33]333]333]333]333]3]3]3333333333|
|44444]]44444]444]4]444]4444444444444444444444444|
|5555555]5555555555555555555]]5]55555555555555555|
|66]66666666]666]6666666]6666666666]6666666666666|
|]77777777777777777777777777777777777777777777777|
|88888888]8]88888888888888888888888888]8888888888|
|9]99]99999999999999999999999999]9999999999999999|
|