
/against computer screen black, she's all        |
|]]]]    ]     ]   ] ]]  ] ]]    ]]   ]          |
|    ]    ]]]   ]   ]  ]  ]  ]     ]   ]]        |
|     ]]     ]]   ]           ] ]   ]            |
|]1]11111111111111111111111]1111111111]1111111111|
|22222]22222222222]222222]222]22]222]222222222222|
|333333]3]3333]3333]333333]3]3]33333333]]33333333|
|4444444444]4]44444444444444444444444444444444444|
|5555]555555555]55555]]]5555555555]55555555555555|
|666666666]66666666666666666666666666666666666666|
|7]777777777]7777777777777777777777]7777777777777|
|88888888888888888888888888888]88]8]8888888888888|
|999]99999999999]999]9999999999999999999999999999|
|