
/i'm with                                        |
|]    ] ]                                        |
| ]]                                             |
|    ] ]                                         |
|111111111111111111111111111111111111111111111111|
|222222222222222222222222222222222222222222222222|
|333333]33333333333333333333333333333333333333333|
|44]444444444444444444444444444444444444444444444|
|555555555555555555555555555555555555555555555555|
|6666]6666666666666666666666666666666666666666666|
|7]7777777777777777777777777777777777777777777777|
|8]88888]8888888888888888888888888888888888888888|
|]9999]999999999999999999999999999999999999999999|
|