
/breasts: cock gouges hole in body               |
|] ]]     ] ]  ]  ]]  ]  ] ]  ] ]                |
| ]        ] ]  ]      ]]   ]  ]                 |
|    ]]]         ]  ]            ]               |
|111]11111111111111111111111111111111111111111111|
|]222]2]22222]222222]222222222]222222222222222222|
|33333]333]3]33333333333]333333333333333333333333|
|4444444444444444]44444444444444]4444444444444444|
|55]5555]5555555555]55555]55]55555555555555555555|
|6666666666]6666]666666]6666666]66666666666666666|
|77777777777777]77]777777777777777777777777777777|
|8888888]8888888888888]8888888888]888888888888888|
|9]999999999999999999999999]999999999999999999999|
|