
/by an outpouring of javelins.                   |
|]  ]         ] ]  ]  ] ] ]  ]                   |
|    ] ]  ]] ] ]  ]  ]   ] ]                     |
| ]     ]]  ]          ]    ]                    |
|111]1111111111111111]]11111111111111111111111111|
|]22222222222222222222222222]22222222222222222222|
|33333333]333333333333333]333]3333333333333333333|
|4444444]444]444444444444444444444444444444444444|
|5555]555555555]5555555]]55]555555555555555555555|
|666666]666]666666]]66666666666666666666666666666|
|777777777]77777]77777777777777777777777777777777|
|8]88888888888888888888888888]8888888888888888888|
|999999999999]]99999999999]9999999999999999999999|
|