
/through the broken spears poured out of         |
| ]   ]]  ]] ]   ]    ]]       ]]      ]         |
|  ]]         ]]] ]  ]  ]  ]] ]   ]   ]          |
|]   ]   ]          ]    ]   ]     ]]            |
|1111111111111111111111]1111111111111111111111111|
|222222222222]22]222]2222]22222222222222222222222|
|]3333333]33333333333333333333333333]333333333333|
|4444]44444444444444444444444]44]44]4444444444444|
|5555555555]55555]]555]55555555]55555555555555555|
|666]6666666666]666666666666]66666]666]]666666666|
|77777]77777777777777]77777]777777777777777777777|
|8]8888]88]88888888888888888888888888888888888888|
|99]9999999999]999999999]99999]999999999999999999|
|