
/depressed. we're small erect cock,              |
|]]  ]  ]]]  ]  ]   ]   ] ]]  ] ]                |
|  ]]         ]]   ] ]]  ]     ] ]               |
|     ]]    ]     ]         ]     ]              |
|1111111111111111111]1111111111111111111111111111|
|22222]]2222222222]22222222222222]222222222222222|
|333333333]3333333333]]3333]]3]3]3]33333333333333|
|]4444444]444444444]44444444444444444444444444444|
|5]55]55]5555]55]5555555]5]5555555555555555555555|
|66666666666]666666666666666666]66666666666666666|
|77]7777777777]7777777777777777777777777777777777|
|888888888]888]8888888888888888888]88888888888888|
|999]9999999999]999999999]99999999999999999999999|
|