
/inside a blasted building, facing out           |
|]  ]]] ] ] ]  ]] ] ] ]] ]  ]]]] ]               |
| ]        ]         ]  ]       ]  ]             |
|  ]         ]]    ]      ]         ]]           |
|1111111]111]1111111111111111]1111111111111111111|
|22]222222]22]2222]222222222222222222222222222222|
|3333333333]33]333333]3333]333]333333]33333333333|
|4444]4444444444]44]44]4444444444444]444444444444|
|5]555]55555555]55555555]5555555]5555555555555555|
|666666666666666666666666666]666666]6666666666666|
|777777777777777777777777]7777777]777777777777777|
|8888888888888888888888888]8888888888888888888888|
|]99]999999999999999]99]9999999]99999999999999999|
|