
/and nestles in. the cunt is surrounded          |
|] ]  ]   ]  ] ]  ]] ]    ]         ]]]          |
| ]  ]   ]    ]        ]       ]]] ]             |
|      ]]  ]     ]    ] ]  ] ]]   ]              |
|]11111111111111111111111111111111111111111111111|
|222222]222]222222222222222]2]2222222222222222222|
|3333333]]33333]3]333]33]333333333333333333333333|
|44]444444444444444444]4444444]444]4]4]4444444444|
|5]55]]555]555]5555]555]55555555555]5]55555555555|
|66666666666666666666666666666666]666666666666666|
|777777777777777777777777777777777777777777777777|
|88888888888888]88]888888888888888888888888888888|
|999999999999]999999999999]9999]]9999999999999999|
|