
/above her breast, white-grey background         |
|]]  ] ]]  ] ]]     ]] ] ] ]  ]]] ]    ]         |
|  ]     ]  ]           ] ]      ] ]] ]          |
|   ]          ]]] ]  ]     ]        ]           |
|]111111111111]1111111111111111]11111111111111111|
|2]22222222]222]22222222222222]22]222222222222222|
|333333333333333]]3333]333333333]3333333333333333|
|444444444444444444444444444444444444]4]444444444|
|555]]55]5555]555555555]555]5555555555]5555555555|
|66]666666666666666]6666666666666666]666666666666|
|777777777777777777777777]77777777]77777777777777|
|888888]888888888]88]8888888]88888888888888888888|
|99999999]99]99999999]9999]99999999]9999999999999|
|