
/and frame, white-day zeta, the two              |
|] ] ] ] ]   ]] ] ]]   ] ]   ]]                  |
| ]   ] ]        ]                ]              |
|         ] ]  ]    ] ] ] ] ]   ]]               |
|]11111]11111111111]11111]11111111111111111111111|
|222222222222222222222222222222222222222222222222|
|333333333]3333]33333333]3]3]333]3333333333333333|
|44]4444]444444444]444444444444444444444444444444|
|5]555555]555555]555555]555555]555555555555555555|
|6666]666666]66666666666666666666]]66666666666666|
|777777777777777777777777777777777777777777777777|
|888888888]88]888888]88888]88]8888888888888888888|
|99999]9999999]9999999]99999999999999999999999999|
|