
/of us, naked, shaved bodies,                    |
| ]      ] ]]   ]] ]] ] ]]]                      |
|]      ] ]            ]                         |
|   ]]]      ] ]  ]        ]]                    |
|11111111]1111111]1111111111111111111111111111111|
|2222]2222]2222]222222]2222]222222222222222222222|
|33333]333333]33333333333333]33333333333333333333|
|444]4444444]4444444]444]444444444444444444444444|
|5555555]55]555555]]555555]5555555555555555555555|
|]]66666666666666666666]6666666666666666666666666|
|777777777777777777777777777777777777777777777777|
|88888]888888]88]88888888888]88888888888888888888|
|999999999999999999999999]99999999999999999999999|
|