
/overly-rounded breasts and abdomens,            |
|  ]        ]]] ] ]]    ] ] ]]]  ]               |
|]  ]] ]]] ]     ]       ]     ]] ]              |
| ]   ]   ]         ]]]            ]]            |
|111111111111111111]1111]111]11111111111111111111|
|222222222222222]222]2]222222]22222]2222222222222|
|3333]333333333333333]33333333333333]333333333333|
|444444444]4]4]44444444444]444]4]4444444444444444|
|5]]5555555]5]5555]555555]5555555]]55555555555555|
|]6666666]666666666666666666666]66666666666666666|
|777777777777777777777777777777777777777777777777|
|88888]88888888888888888888888888888]888888888888|
|999]999]99999999]9999999999999999999999999999999|
|