

/NIKUKO THE WORLD IS OUT TO KILL US OFF!         |

]      ]]     |] ]]]     

|111111111111111111111111111111111111111111111111|

|22]2]2222222222222]22222222]22222]22222222222222|

|3333333]333333]3333333]3]3333]]33333333333333333|

|444]44444444444]44444]4444444444]444444444444444|

|]55555555]55555555555555555555555555555555555555|

|66666]66666]]6666666]6666]666666666]]]6666666666|

|77777777777777777777777777777777777777]777777777|

|88888888]88888888888888888888888888888]888888888|

|9]99999999999]999]9999999999]9999999999999999999|

|