


0000000-0002374


0000000  005012 060555 064553 063556 067040 020157 064544 063146
0000020  071145 067145 062543 073440 060550 071564 062557 062566
0000040  026162 072040 062550 062563 066440 071551 064563 062566
0000060  020163 063157 060440 071542 066157 072165 067551 026156
0000100  060440 020163 063151 071012 061545 070165 071145 072141
0000120  062145 020054 020141 067555 062555 072156 067440 020162
0000140  067555 062562 020054 063157 067440 062162 067151 071141
0000160  020171 064554 062546 020054 064164 020145 060542 072164
0000200  071145 062145 070040 073557 071145 020163 063157 070012
0000220  071145 067546 066562 072141 073151 020145 060554 063556
0000240  060565 062547 020054 071143 060545 064564 067157 063040
0000260  067562 020155 064164 020145 072163 071141 020164 020055
0000300  064164 020145 060550 067566 020143 067543 062555 020163
0000320  071146 066557 062412 071554 073545 062550 062562 020054
0000340  064164 020145 066142 061557 026553 060560 065543 063541
0000360  071545 067440 020146 062564 072170 026563 063157 072055
0000400  072562 064164 020054 064164 020145 071164 062565 071055
0000420  060545 020154 062564 072170 020163 071146 066557 073412
0000440  064550 064143 072040 062550 062562 064440 020163 067556
0000460  062440 061563 070141 026145 060440 067560 060543 074554
0000500  072160 061551 071440 064550 072146 067151 020147 020055
0000520  072151 071447 064440 020156 072557 020162 060556 072564
0000540  062562 072040 005157 067550 062560 072040 060550 020164
0000560  071160 074541 071145 026440 071440 070165 066160 061551
0000600  072141 067551 020156 020055 064164 072141 060440 062040
0000620  063151 062546 062562 061556 020145 071551 066440 062141
0000640  020145 064567 064164 072440 072164 071145 067141 062543
0000660  026412 064440 020156 060546 072143 064440 020164 060555
0000700  062553 020163 067556 062040 063151 062546 062562 061556
0000720  020145 064167 072141 067563 073145 071145 026440 072040
0000740  064550 063556 020163 062562 060555 067151 061040 072562
0000760  060564 066154 020171 064564 062145 072012 020157 072563
0001000  071542 060564 061556 020145 020055 062567 070040 062562
0001020  064544 072143 060440 062156 070040 060554 020171 020055
0001040  020151 071167 072151 020145 071541 064440 020146 064164
0001060  071145 023545 020163 067556 072040 066557 071157 067562
0001100  020167 005055 071541 064440 020146 064164 071551 064440
0001120  020163 064164 020145 060554 072163 066440 071551 064563
0001140  062566 020054 064164 020145 060554 072163 066440 071551
0001160  064563 062554 026440 060440 020163 063151 072040 064550
0001200  020163 071551 072040 062550 066040 071541 005164 071160
0001220  073157 061557 072141 067551 020156 005055 030012 030060
0001240  030461 030066 020040 033060 032464 031466 030040 031066
0001260  032465 020064 031060 032066 030064 030040 030066 032064
0001300  020060 031060 030460 031466 030040 031466 032461 020061
0001320  033460 030062 030064 030040 032066 032465 045060 072145
0001340  074564 005040 030060 030460 030062 020060 030040 030062
0001360  033061 020063 033460 032461 030465 030040 031067 032060
0001400  020060 033060 032462 030065 030040 033066 032060 020060
0001420  033460 032461 030464 030040 032460 033061 020064 033460
0001440  030461 030066 020040 024040 030065 034471 020051 030012
0001460  030060 031061 030062 020040 033460 030463 033465 030040
0001500  030466 032465 020067 033460 030462 030464 030040 033466
0001520  032465 020061 031060 030460 033065 030040 032460 032460
0001540  020065 033060 032061 031061 030040 030067 032061 071061

making no difference whatsoever, these missives of absolution, as if
recuperated, a moment or more, of ordinary life, the battered powers of
performative language, creation from the start - the havoc comes from
elsewhere, the block-packages of texts-of-truth, the true-real texts from
which there is no escape, apocalyptic shifting - it's in our nature to
hope that prayer - supplication - that a difference is made with utterance
- in fact it makes no difference whatsoever - things remain brutally tied
to substance - we predict and play - i write as if there's no tomorrow -
as if this is the last missive, the last missile - as if this is the last
provocation -

0001240  072151 066141 063040 066151 071554 072040 062550 064440 error 

capital fills the interstices - tunnels beneath the streets - email tags 
and headers - sewage capital - finally bringing weapons to the foreground 
- fighting back is useless - at this point, weaponry accumulates - anthrax 
plus anthrax = anthrax; bomb plus bomb = bomb - it's boolean at the heart 
of it -

0001560  073545 020163 020040 020040 020040 020040 030012 030060
0001600  031061 030064 020040 033460 030462 030465 030040 033066
0001620  032061 020061 033060 030063 030064 030040 033066 032461
0001640  020061 033460 032461 032065 030040 031067 032060 020060
0001660  033060 032462 030065 030040 032066 032064 005060 071145
0001700  067562 020162 005012 060543 064560 060564 020154 064546
0001720  066154 020163 064164 020145 067151 062564 071562 064564
0001740  062543 020163 020055 072564 067156 066145 020163 062542
0001760  062556 072141 020150 064164 020145 072163 062562 072145
0002000  020163 020055 066545 064541 020154 060564 071547 005040
0002020  067141 020144 062550 062141 071145 020163 020055 062563
0002040  060567 062547 061440 070141 072151 066141 026440 063040
0002060  067151 066141 074554 061040 064562 063556 067151 020147
0002100  062567 070141 067157 020163 067564 072040 062550 063040
0002120  071157 063545 067562 067165 020144 026412 063040 063551
0002140  072150 067151 020147 060542 065543 064440 020163 071565
0002160  066145 071545 020163 020055 072141 072040 064550 020163
0002200  067560 067151 026164 073440 060545 067560 071156 020171
0002220  061541 072543 072555 060554 062564 020163 020055 067141
0002240  064164 060562 020170 070012 072554 020163 067141 064164
0002260  060562 020170 020075 067141 064164 060562 035570 061040
0002300  066557 020142 066160 071565 061040 066557 020142 020075
0002320  067542 061155 026440 064440 023564 020163 067542 066157
0002340  060545 020156 072141 072040 062550 064040 060545 072162
0002360  005040 063157 064440 020164 005055 005012              
0002374

bang we're dead


