
/EVPNANZRAY EBZSAY                               |
|]   ]   ]  ]]  ]                                |
|  ]] ] ]                                        |
| ]    ]  ]   ]] ]                               |
|1111]111]111111]11111111111111111111111111111111|
|222222222222]2]222222222222222222222222222222222|
|333333333333333333333333333333333333333333333333|
|444444444444444444444444444444444444444444444444|
|]]5]5]55555]555555555555555555555555555555555555|
|666666666666666666666666666666666666666666666666|
|77]777777777777777777777777777777777777777777777|
|888888888]888888]8888888888888888888888888888888|
|999999]]99999]9999999999999999999999999999999999|
|