
/EBZSAY VZNTRFAY                                 |
|]]  ]       ]]                                  |
|         ] ]                                    |
|  ]] ] ]] ]   ]                                 |
|1111]11111111]1111111111111111111111111111111111|
|2]2]22222222222222222222222222222222222222222222|
|3333333333]3333333333333333333333333333333333333|
|444444444444444444444444444444444444444444444444|
|]555555]5]55555555555555555555555555555555555555|
|666666666666]66666666666666666666666666666666666|
|777777777777777777777777777777777777777777777777|
|88888]88888888]888888888888888888888888888888888|
|99]99999]99]999999999999999999999999999999999999|
|