
/VZNTRFAY 5                                      |
|     ]]                                         |
|  ] ]                                           |
|]] ]   ]                                        |
|111111]11111111111111111111111111111111111111111|
|222222222222222222222222222222222222222222222222|
|333]33333333333333333333333333333333333333333333|
|444444444444444444444444444444444444444444444444|
|]5]555555]55555555555555555555555555555555555555|
|66666]666666666666666666666666666666666666666666|
|777777777777777777777777777777777777777777777777|
|8888888]8888888888888888888888888888888888888888|
|9]99]9999999999999999999999999999999999999999999|
|