
/EFBPPRAY AGNVAHXRZBHAY                          |
|]]]   ]  ]]  ]]   ]]]                           |
|   ]]]     ]    ]                               |
|       ]    ]  ] ]   ]                          |
|111111]11]111]111111]111111111111111111111111111|
|22]222222222222222]22222222222222222222222222222|
|333333333333333333333333333333333333333333333333|
|444444444444444444444444444444444444444444444444|
|]5555555555]]55555555555555555555555555555555555|
|6]6666666666666666666666666666666666666666666666|
|777]]77777]7777]77777777777777777777777777777777|
|8888888]888888]8888]8]88888888888888888888888888|
|99999]9999999999]]999999999999999999999999999999|
|