
/AGNVAHXRZBHAY                                   |
|]]  ]]   ]]]                                    |
|  ]    ]                                        |
|   ]  ] ]   ]                                   |
|]111]111111]111111111111111111111111111111111111|
|222222222]22222222222222222222222222222222222222|
|333333333333333333333333333333333333333333333333|
|444444444444444444444444444444444444444444444444|
|55]]55555555555555555555555555555555555555555555|
|666666666666666666666666666666666666666666666666|
|7]7777]77777777777777777777777777777777777777777|
|88888]8888]8]88888888888888888888888888888888888|
|9999999]]999999999999999999999999999999999999999|
|