
/EFBPPRAY                                        |
|]]]   ]                                         |
|   ]]]                                          |
|       ]                                        |
|111111]11111111111111111111111111111111111111111|
|22]222222222222222222222222222222222222222222222|
|333333333333333333333333333333333333333333333333|
|444444444444444444444444444444444444444444444444|
|]55555555555555555555555555555555555555555555555|
|6]6666666666666666666666666666666666666666666666|
|777]]7777777777777777777777777777777777777777777|
|8888888]8888888888888888888888888888888888888888|
|99999]999999999999999999999999999999999999999999|
|