
/AQNAY EFBPPRAY                                  |
|]  ]  ]]]   ]                                   |
| ]]      ]]]                                    |
|    ]        ]                                  |
|]11]11111111]11111111111111111111111111111111111|
|22222222]222222222222222222222222222222222222222|
|333333333333333333333333333333333333333333333333|
|444444444444444444444444444444444444444444444444|
|55]555]55555555555555555555555555555555555555555|
|6666666]6666666666666666666666666666666666666666|
|777777777]]7777777777777777777777777777777777777|
|8]88]88888888]8888888888888888888888888888888888|
|99999999999]999999999999999999999999999999999999|
|