
/5 (ONYYSBBGAY)                                  |
|  ]     ]]]]                                    |
|   ]]        ]                                  |
|     ]]]    ]                                   |
|11111111111]111111111111111111111111111111111111|
|2222222]]]22222222222222222222222222222222222222|
|333333333333333333333333333333333333333333333333|
|444444444444444444444444444444444444444444444444|
|]5]5]55555555]5555555555555555555555555555555555|
|666]66666666666666666666666666666666666666666666|
|7777777777]7777777777777777777777777777777777777|
|88]88]]88888]]8888888888888888888888888888888888|
|999999999999999999999999999999999999999999999999|
|