
/(ONYYSBBGAY)                                    |
|]     ]]]]                                      |
| ]]        ]                                    |
|   ]]]    ]                                     |
|111111111]11111111111111111111111111111111111111|
|22222]]]2222222222222222222222222222222222222222|
|333333333333333333333333333333333333333333333333|
|444444444444444444444444444444444444444444444444|
|]5]55555555]555555555555555555555555555555555555|
|6]6666666666666666666666666666666666666666666666|
|77777777]777777777777777777777777777777777777777|
|]88]]88888]]888888888888888888888888888888888888|
|999999999999999999999999999999999999999999999999|
|