

    31    3874  44 714 283 008  3DAR
    14    3279  10 730 618 880  5-11ONLINE-SNAP
    15    1392 128 243 580 928  ALPINE
   165    4032 132 703 813 632  AUDIO
    33    3388  11 975 135 232  AZIMAGE
    33    1503   5 596 209 152  BACKGROUNDS
   630    9868   1 482 756 096  COURSES
   156    3113     108 081 152  FLOPPY
   112    3466 174 080 950 272  FOOFWA
    15   11890  68 579 143 680  GEOGRAPHIC
    12     325      10 063 872  HTML
    55    3716  99 285 327 872  MOCAP
    35     916  40 772 509 696  OLDERSAMPLER
     1      52   1 190 060 032  PARAB
   370    8982   9 905 655 808  PDF
   169    2704 131 841 875 968  PERFORMANCE
    27    3345  38 352 998 400  PERSONAL
    14     334     194 969 600  PUBLICATION
   127    2513 104 527 392 768  SEXUALITY
    18    5606 105 480 122 368  SL
     5    1218     387 674 112  STILLS
     9     702  14 030 970 880  TALKSETC
    91    4328     446 529 536  TEXTS
     3     111       4 673 536  TRACE
    32    2295 308 243 775 488  VIDEO

