 
|VYBOZLF RUG SB ZHHPNI RUG GHO RXNGFVZ BA FV FVUG/
|]  ]    ]]  ]     ]]  ]]    ] ] ]  ]      ]  ]] |
| ]] ]        ] ]               ]    ] ]]        |
|     ]]   ]     ]]  ]   ] ]]     ]]      ]  ]  ]|
|1111111111111111111]111111111111]111111111111111|
|222]22]222222222222222222222]22]22]222222]22]222|
|3]33333333]3333333]33333]3]333333]3333333333333]|
|4444]4444444444]]]444444444]44444444]44444444444|
|55555555]55555555555]5]5555555]55555555]55555555|
|66]666666666]]666666666666666666666666]666666666|
|777777777777777777777777777777777777777777777777|
|88888]888]8888888888888]8888888888888888888888]8|
|]9999999999999999999999999999999999]999999]99]99|
|