 
|8888]888]8888888888888]8888888888888888888888]8|/
|                                               ]|
|    ]   ]             ]                      ]  |
|    ]   ]             ]                      ]  |
|111111111111111111111111111111111111111111111111|
|222222222222222222222222222222222222222222222222|
|333333333333333333333333333333333333333333333333|
|44444444444444444444444444444444444444444444444]|
|555555555555555555555555555555555555555555555555|
|666666666666666666666666666666666666666666666666|
|777777777777777777777777777777777777777777777777|
|]]]]8]]]8]]]]]]]]]]]]]8]]]]]]]]]]]]]]]]]]]]]]8]]|
|999999999999999999999999999999999999999999999999|
|