 
|                                                /
|                                          ] ]] ]|
|                                              ] |
|                                           ]    |
|11111111111111111111111111111111111111111111]111|
|222222222222222222222222222222222222222222222222|
|3333333333333333333333333333333333333333333333]]|
|444444444444444444444444444444444444444444444444|
|555555555555555555555555555555555555555555]]5]55|
|666666666666666666666666666666666666666666666666|
|777777777777777777777777777777777777777777777777|
|888888888888888888888888888888888888888888888888|
|999999999999999999999999999999999999999999999999|
|