 
|                                RPEHBF QRFCNYYBP/
|                                ]]     ]]  ]   ]|
|                                  ] ]     ] ]]] |
|                                   ] ]   ]      |
|1111111111111111111111111111111111111111111]1111|
|2222222222222222222222222222222222222]222]222222|
|333333333333333333333333333333333]3333333333]]3]|
|44444444444444444444444444444444444]444]44444444|
|55555555555555555555555555555555]5555555]5555555|
|666666666666666666666666666666666666]666666666]6|
|777777777777777777777777777777777777777777]77777|
|888888888888888888888888888888888888888888888888|
|9999999999999999999999999999999999]9999999999999|
|